lab3
Neon Top

HDBPks =

    6.7309
    7.2034
    6.7687
    7.1462
    7.5361


HDBLocs =

    5.1452
   22.1289
   39.0647
   42.5949
   63.1511

Neon Bot

HDBPks =

    1.9224
    3.5475
    5.4470
    7.5472


HDBLocs =

   13.5494
   30.7145
   48.5865
   67.9590

Mercury Top

HDBPks =

    3.0957
    3.3636
    3.5765
    3.7235
    3.7702
    3.7469
    3.6806
    3.4637


HDBLocs =

    6.6950
   11.3098
   16.0942
   20.9887
   25.7576
   30.6054
   35.5943
   40.4221

Mercury Bot

HDBPks =

    0.7204
    1.4372
    2.0672
    2.4914
    2.9137
    3.2624


HDBLocs =

   11.5292
   16.3971
   21.3140
   26.2365
   31.2771
   36.3978

