Neon Top

NTPeaks =

    6.7309
    7.2034
    6.7687
    7.1462
    7.5361


NTPLocs =

    5.1452
   22.1289
   39.0647
   42.5949
   63.1511

Neon Top

NTTroughs =

   -5.0819
   -4.8908
   -6.5476
   -4.5579


NTTLocs =

   14.9302
   33.6314
   39.6812
   54.0521


NTTroughs =

    5.0819
    4.8908
    6.5476
    4.5579

Neon Bot

NBPeaks =

    1.9224
    3.5475
    5.4470
    7.5472


NBPLocs =

   13.5494
   30.7145
   48.5865
   67.9590

Neon Bot

NBTroughs =

    0.3485
    0.5604
   -0.8693


NBTLocs =

   20.6854
   38.3719
   57.3005


NBTroughs =

   -0.3485
   -0.5604
    0.8693

Mercury Top

MTPeaks =

    3.0957
    3.3636
    3.5765
    3.7235
    3.7702
    3.7469
    3.6806
    3.4637


MTPLocs =

    6.6950
   11.3098
   16.0942
   20.9887
   25.7576
   30.6054
   35.5943
   40.4221

Mercury Top

MTTroughs =

   -2.9566
   -2.6716
   -2.3233
   -2.0581
   -2.0311
   -2.1473
   -2.3581


MTTLocs =

    8.1406
   12.6105
   17.3662
   22.2755
   27.1220
   32.4242
   37.3547


MTTroughs =

    2.9566
    2.6716
    2.3233
    2.0581
    2.0311
    2.1473
    2.3581

Mercury Bot

MBPeaks =

    0.7204
    1.4372
    2.0672
    2.4914
    2.9137
    3.2624


MBPLocs =

   11.5292
   16.3971
   21.3140
   26.2365
   31.2771
   36.3978

Mercury Bot

MBTroughs =

   -0.1283
   -0.2706
   -0.5045
   -0.8562
   -1.3902
   -2.2223


MBTLocs =

   13.1618
   18.0855
   23.1645
   28.3443
   33.3383
   38.8016


MBTroughs =

    0.1283
    0.2706
    0.5045
    0.8562
    1.3902
    2.2223

